{"__format__": "DFT-matrices-json", "__version__": 1, "arrays": {"S": {"shape": [13, 13], "dtype": "float64", "data": [[1.0, 0.233689857197009, 0.0, 0.0, 0.0, 0.16727976258450197, 0.0, 0.0, 0.0, 0.034997247192059946, 0.06899832694261826, 0.034997247192059946, 0.06899832694261826], [0.233689857197009, 1.0, 0.0, 0.0, 0.0, 0.7636408096342391, 0.0, 0.0, 0.0, 0.24891810235321216, 0.38036956916036074, 0.24891810235321216, 0.38036956916036074], [0.0, 0.0, 1.0000000000000004, 0.0, 0.0, 0.0, 0.501520685028832, 0.0, 0.0, 0.0, 0.0, 0.0, 0.0], [0.0, 0.0, 0.0, 1.0000000000000004, 0.0, 0.0, 0.0, 0.501520685028832, 0.0, 0.22748337461164736, 0.11684705884559674, -0.22748337461164736, -0.11684705884559674], [0.0, 0.0, 0.0, 0.0, 1.0000000000000004, 0.0, 0.0, 0.0, 0.5015206850288318, 0.17613767658067564, 0.09047329061072894, 0.17613767658067564, 0.09047329061072894], [0.16727976258450197, 0.7636408096342391, 0.0, 0.0, 0.0, 1.0000000000000002, 0.0, 0.0, 0.0, 0.42755307967128225, 0.6839410223338371, 0.42755307967128225, 0.6839410223338371], [0.0, 0.0, 0.501520685028832, 0.0, 0.0, 0.0, 1.0, 0.0, 0.0, 0.0, 0.0, 0.0, 0.0], [0.0, 0.0, 0.0, 0.501520685028832, 0.0, 0.0, 0.0, 1.0, 0.0, 0.4616551945626723, 0.38030607812767064, -0.4616551945626723, -0.38030607812767064], [0.0, 0.0, 0.0, 0.0, 0.5015206850288318, 0.0, 0.0, 0.0, 1.0000000000000002, 0.35745413699127304, 0.2944664818045435, 0.35745413699127304, 0.2944664818045435], [0.034997247192059946, 0.24891810235321216, 0.0, 0.22748337461164736, 0.17613767658067564, 0.42755307967128225, 0.0, 0.4616551945626723, 0.35745413699127304, 1.0000000000000002, 0.6582919696830694, 0.05187476860948768, 0.22463284419680035], [0.06899832694261826, 0.38036956916036074, 0.0, 0.11684705884559674, 0.09047329061072894, 0.6839410223338371, 0.0, 0.38030607812767064, 0.2944664818045435, 0.6582919696830694, 1.0, 0.22463284419680035, 0.5166678837083554], [0.034997247192059946, 0.24891810235321216, 0.0, -0.22748337461164736, 0.17613767658067564, 0.42755307967128225, 0.0, -0.4616551945626723, 0.35745413699127304, 0.05187476860948768, 0.22463284419680035, 1.0000000000000002, 0.6582919696830694], [0.06899832694261826, 0.38036956916036074, 0.0, -0.11684705884559674, 0.09047329061072894, 0.6839410223338371, 0.0, -0.38030607812767064, 0.2944664818045435, 0.22463284419680035, 0.5166678837083554, 0.6582919696830694, 1.0]]}, "T": {"shape": [13, 13], "dtype": "float64", "data": [[29.54014709713745, -2.185403759827583, 0.0, 0.0, 0.0, 0.13128251236951627, 0.0, 0.0, 0.0, -0.02214398336154464, 0.021436627229893333, -0.02214398336154464, 0.021436627229893333], [-2.185403759827583, 1.7112111254391675, 0.0, 0.0, 0.0, 0.4800478699061518, 0.0, 0.0, 0.0, 0.020988495094959383, 0.11004145312649886, 0.020988495094959383, 0.11004145312649886], [0.0, 0.0, 4.251876866175854, 0.0, 0.0, 0.0, 0.5472433053416151, 0.0, 0.0, 0.0, 0.0, 0.0, 0.0], [0.0, 0.0, 0.0, 4.251876866175854, 0.0, 0.0, 0.0, 0.547243305341615, 0.0, 0.17797021716499528, 0.06707967892860793, -0.17797021716499528, -0.06707967892860793], [0.0, 0.0, 0.0, 0.0, 4.251876866175854, 0.0, 0.0, 0.0, 0.547243305341615, 0.13780022652431465, 0.05193899911337853, 0.13780022652431465, 0.05193899911337853], [0.13128251236951627, 0.4800478699061518, 0.0, 0.0, 0.0, 0.40500873390000014, 0.0, 0.0, 0.0, 0.14295687947278504, 0.16150414669794452, 0.14295687947278504, 0.16150414669794452], [0.0, 0.0, 0.5472433053416151, 0.0, 0.0, 0.0, 0.6750145565000001, 0.0, 0.0, 0.0, 0.0, 0.0, 0.0], [0.0, 0.0, 0.0, 0.547243305341615, 0.0, 0.0, 0.0, 0.6750145565000001, 0.0, 0.33697538065078453, 0.16660219232187123, -0.33697538065078453, -0.16660219232187123], [0.0, 0.0, 0.0, 0.0, 0.547243305341615, 0.0, 0.0, 0.0, 0.6750145565000001, 0.2609160371128016, 0.12899809983440783, 0.2609160371128016, 0.12899809983440783], [-0.02214398336154464, 0.020988495094959383, 0.0, 0.17797021716499528, 0.13780022652431465, 0.14295687947278504, 0.0, 0.33697538065078453, 0.2609160371128016, 1.3956783806202755, 0.2597349959888354, -0.04543269003981977, 0.024939225204189418], [0.021436627229893333, 0.11004145312649886, 0.0, 0.06707967892860793, 0.05193899911337853, 0.16150414669794452, 0.0, 0.16660219232187123, 0.12899809983440783, 0.2597349959888354, 0.2419166382, 0.024939225204189414, 0.06996513091601793], [-0.02214398336154464, 0.020988495094959383, 0.0, -0.17797021716499528, 0.13780022652431465, 0.14295687947278504, 0.0, -0.33697538065078453, 0.2609160371128016, -0.04543269003981977, 0.024939225204189414, 1.3956783806202755, 0.2597349959888354], [0.021436627229893333, 0.11004145312649886, 0.0, -0.06707967892860793, 0.05193899911337853, 0.16150414669794452, 0.0, -0.16660219232187123, 0.12899809983440783, 0.024939225204189418, 0.06996513091601793, 0.2597349959888354, 0.2419166382]]}, "V": {"shape": [13, 13], "dtype": "float64", "data": [[-62.58642731975815, -5.182119620770266, 0.0, 0.0, 0.0, -5.503282890434352, 0.0, 0.0, 0.0, -1.107762234974173, -2.2410278179149183, -1.107762234974173, -2.2410278179149183], [-5.182119620770266, -11.636020921035863, 0.0, 0.0, 0.0, -7.870602150113839, 0.0, 0.0, 0.0, -2.3858895144276375, -3.739756343925061, -2.3858895144276375, -3.739756343925061], [0.0, 0.0, 0.0, 0.0, 0.0, 0.0, 0.0, 0.0, 0.0, 0.0, 0.0, 0.0, 0.0], [0.0, 0.0, 0.0, 0.0, 0.0, 0.0, 0.0, 0.0, 0.0, -2.512238360861766, -1.3589561326440915, 2.512238360861766, 1.3589561326440915], [0.0, 0.0, 0.0, 0.0, 0.0, 0.0, 0.0, 0.0, 0.0, -1.9451963408511, -1.052223601780238, -1.9451963408511, -1.052223601780238], [-5.503282890434352, -7.870602150113839, 0.0, 0.0, 0.0, -7.67243714714232, 0.0, 0.0, 0.0, -3.057439725420406, -4.540491765226604, -3.057439725420406, -4.540491765226604], [0.0, 0.0, 0.0, 0.0, 0.0, 0.0, 0.0, 0.0, 0.0, 0.0, 0.0, 0.0, 0.0], [0.0, 0.0, 0.0, 0.0, 0.0, 0.0, 0.0, 0.0, 0.0, -3.3029540214395197, -2.5247449116474567, 3.3029540214395197, 2.5247449116474567], [0.0, 0.0, 0.0, 0.0, 0.0, 0.0, 0.0, 0.0, 0.0, -2.557438090508126, -1.954880014663265, -2.557438090508126, -1.954880014663265], [-1.107762234974173, -2.3858895144276375, 0.0, -2.512238360861766, -1.9451963408511, -3.057439725420406, 0.0, -3.3029540214395197, -2.557438090508126, -6.412474976082015, -3.8257770340660344, -0.4154917473109721, -1.5018551412313939], [-2.2410278179149183, -3.739756343925061, 0.0, -1.3589561326440915, -1.052223601780238, -4.540491765226604, 0.0, -2.5247449116474567, -1.954880014663265, -3.8257770340660344, -4.757760443891582, -1.5018551412313939, -2.878497149280583], [-1.107762234974173, -2.3858895144276375, 0.0, 2.512238360861766, -1.9451963408511, -3.057439725420406, 0.0, 3.3029540214395197, -2.557438090508126, -0.4154917473109721, -1.5018551412313939, -6.412474976082015, -3.825777034066035], [-2.2410278179149183, -3.739756343925061, 0.0, 1.3589561326440915, -1.052223601780238, -4.540491765226604, 0.0, 2.5247449116474567, -1.954880014663265, -1.5018551412313939, -2.878497149280583, -3.825777034066035, -4.757760443891582]]}, "H_core": {"shape": [13, 13], "dtype": "float64", "data": [[-33.0462802226207, -7.3675233805978495, 0.0, 0.0, 0.0, -5.372000378064835, 0.0, 0.0, 0.0, -1.1299062183357176, -2.219591190685025, -1.1299062183357176, -2.219591190685025], [-7.3675233805978495, -9.924809795596696, 0.0, 0.0, 0.0, -7.390554280207687, 0.0, 0.0, 0.0, -2.3649010193326783, -3.6297148907985624, -2.3649010193326783, -3.6297148907985624], [0.0, 0.0, 4.251876866175854, 0.0, 0.0, 0.0, 0.5472433053416151, 0.0, 0.0, 0.0, 0.0, 0.0, 0.0], [0.0, 0.0, 0.0, 4.251876866175854, 0.0, 0.0, 0.0, 0.547243305341615, 0.0, -2.3342681436967707, -1.2918764537154837, 2.3342681436967707, 1.2918764537154837], [0.0, 0.0, 0.0, 0.0, 4.251876866175854, 0.0, 0.0, 0.0, 0.547243305341615, -1.8073961143267854, -1.0002846026668595, -1.8073961143267854, -1.0002846026668595], [-5.372000378064835, -7.390554280207687, 0.0, 0.0, 0.0, -7.26742841324232, 0.0, 0.0, 0.0, -2.914482845947621, -4.37898761852866, -2.914482845947621, -4.37898761852866], [0.0, 0.0, 0.5472433053416151, 0.0, 0.0, 0.0, 0.6750145565000001, 0.0, 0.0, 0.0, 0.0, 0.0, 0.0], [0.0, 0.0, 0.0, 0.547243305341615, 0.0, 0.0, 0.0, 0.6750145565000001, 0.0, -2.965978640788735, -2.3581427193255857, 2.965978640788735, 2.3581427193255857], [0.0, 0.0, 0.0, 0.0, 0.547243305341615, 0.0, 0.0, 0.0, 0.6750145565000001, -2.2965220533953246, -1.8258819148288572, -2.2965220533953246, -1.8258819148288572], [-1.1299062183357176, -2.3649010193326783, 0.0, -2.3342681436967707, -1.8073961143267854, -2.914482845947621, 0.0, -2.965978640788735, -2.2965220533953246, -5.01679659546174, -3.566042038077199, -0.46092443735079186, -1.4769159160272045], [-2.219591190685025, -3.6297148907985624, 0.0, -1.2918764537154837, -1.0002846026668595, -4.37898761852866, 0.0, -2.3581427193255857, -1.8258819148288572, -3.566042038077199, -4.515843805691582, -1.4769159160272045, -2.808532018364565], [-1.1299062183357176, -2.3649010193326783, 0.0, 2.3342681436967707, -1.8073961143267854, -2.914482845947621, 0.0, 2.965978640788735, -2.2965220533953246, -0.46092443735079186, -1.4769159160272045, -5.01679659546174, -3.5660420380771995], [-2.219591190685025, -3.6297148907985624, 0.0, 1.2918764537154837, -1.0002846026668595, -4.37898761852866, 0.0, 2.3581427193255857, -1.8258819148288572, -1.4769159160272045, -2.808532018364565, -3.5660420380771995, -4.515843805691582]]}, "C": {"shape": [13, 13], "dtype": "float64", "data": [[0.9974991546149033, 0.24766744119317594, 7.169046195487277e-17, -0.04394384827685694, 0.019788946158233556, -1.035611284120872e-16, -0.01005417839139122, -5.4488337573925634e-18, -0.009491198671728774, 3.339398888882859e-16, -6.066542095659797e-17, -0.03590218785171248, -4.5915289708636104e-17], [0.013205843802653513, -0.9726614430839837, 1.4127002613750804e-16, 0.13212226887157835, -1.2712433478095644, 6.804208057692901e-15, 0.403759701658619, 4.1419050757428467e-17, -0.3171838400647467, 1.1760580588314824e-14, 1.814070856361131e-15, -0.69545577257131, 1.8200827019104843e-15], [-1.1240922029545234e-17, 1.355859136741799e-16, 5.966829724720823e-16, 2.384574181472196e-16, 9.372470558747368e-17, -1.3675754879343508e-16, 1.0437928517804193e-16, 0.06171194892567822, 4.7724510212737434e-14, 1.154226160307244, -1.0562953529824325e-14, -2.283981548560151e-15, -1.6195882164931578e-15], [-7.964628276737399e-17, -1.634841246378236e-16, -0.13862868862421582, -2.282933698963446e-16, -1.4929575836984328e-16, 0.11001340588829142, -2.688326234334395e-15, -3.4347744233679077e-16, 5.442015393245155e-15, 1.0711459268265339e-14, 1.176643007921997, -1.0931832261509618e-15, 0.18780710415238427], [0.000129835613147623, -0.004740011205953165, 2.0635770171830312e-16, -0.11760328523812298, -0.04163750849197957, -2.1027182466445737e-15, -0.08411783296253147, -4.9000608387056076e-17, -1.1274776878302557, 4.7136510556895964e-14, 6.0500968036177706e-15, 0.28450950334207875, -1.0366387291402678e-16], [-0.004556809874772806, -0.04915322889554252, -1.4393387922931185e-15, 0.5175645571918861, 1.8348497316516148, -2.1304550863217113e-14, -1.02623234590321, -1.4594570476461423e-16, 0.8695000574271038, -3.224986789196166e-14, -3.749094865212982e-15, 1.9818948238753593, -3.800030619745475e-15], [9.017565880121834e-18, 3.558849290345608e-17, -8.110710171922825e-16, 6.805645045279719e-17, 2.4082888741391714e-16, 4.3726177360051515e-16, -1.377383563719652e-16, -1.0295235651246133, -2.1512893549631926e-14, -0.5254784701878047, 4.243209557367523e-15, 1.2305181471690778e-15, 1.342313509058445e-15], [1.3848669869422144e-18, 1.1661809583704136e-16, -0.12299350841305713, -2.0172696082354109e-16, 2.4168388975320566e-16, -0.23196473857230654, 5.779120901523222e-15, 7.349892038512108e-17, -3.3709352506374367e-15, -6.883823629575891e-15, -0.6407113038663178, -1.0413172034182895e-15, -1.7925095475616977], [-0.00048948345283158, 0.007988064999128578, -8.834331637137025e-17, -0.14898001139109635, -0.12189074816966143, 3.588446702693293e-15, 0.14924774483232256, -5.988440739198582e-17, 1.0482843533206017, -4.119926977144977e-14, -4.441451450113234e-15, 1.197191820688042, -1.3636948405930276e-15], [-5.809508308565944e-05, -0.03305950524543351, -0.4726199384318801, -0.5289827355613371, -0.18656743521481037, 0.7980501178404824, -0.7289833176988014, -8.480769056236665e-16, -0.03512219419435665, -1.290287700094592e-15, -0.25207647646105236, -0.6401254063371165, 0.328534808101221], [0.0009276090508817494, 0.0011569594036107186, -0.2688659015917059, -0.2715460092443872, -0.10431465009870819, -1.1329576519857538, 0.997981567191591, 1.4267888340073569e-15, -0.4286299773204508, 2.0407316372229703e-14, 0.3776872817380974, -0.6375212706655743, 1.2252283864664308], [-5.8095083085585245e-05, -0.03305950524543332, 0.4726199384318815, -0.5289827355613363, -0.18656743521480748, -0.7980501178405183, -0.7289833176987617, 6.063492512239887e-16, -0.03512219419435469, 2.0763516032061177e-15, 0.25207647646105175, -0.6401254063371178, -0.32853480810122004], [0.0009276090508817301, 0.0011569594036105128, 0.2688659015917072, -0.2715460092443856, -0.1043146500987122, 1.1329576519858024, 0.9979815671915345, -1.0023292062071256e-15, -0.4286299773204542, 1.2557446737379277e-14, -0.3776872817380936, -0.6375212706655753, -1.225228386466428]]}, "eps": {"shape": [13], "dtype": "float64", "data": [-25.18707140862911, -4.803068674363397, -2.504067198279097, -2.30649345576432, -1.71099196843093, -1.1089195882878027, -1.0019396005265992, 0.6621162876645244, 5.17240086240518, 5.187073110776703, 5.74094976985892, 7.660419521661781, 11.729444370542454]}, "D_final": {"shape": [13, 13], "dtype": "float64", "data": [[2.11733277815211, -0.5173725596557033, 2.7486765257947927e-17, -2.45594931591591e-16, 0.006599085954802982, -0.0063062085027680015, 3.916842573769656e-17, 7.01875520946935e-17, 0.011249579704319959, 0.02261570254944874, 0.02216066011045469, 0.02261570254944916, 0.02216066011045432], [-0.5173725596557033, 5.159521240909202, -4.3933801941064933e-16, 5.960148628826237e-16, 0.08401106709204996, -4.432818875956486, -6.633136374766356e-16, -9.293571881515588e-16, 0.2549861575543691, 0.39887430120706885, 0.19123790045960865, 0.3988743012070616, 0.1912379004596198], [2.7486765257947927e-17, -4.3933801941064933e-16, 8.803734573199055e-31, -1.6543475599640786e-16, -6.517995442101897e-17, 5.775491924469111e-16, -8.808563016390651e-31, -1.4677626438934603e-16, -9.172198404235809e-17, -8.602237103985079e-16, -4.696205705657544e-16, 2.677933684539217e-16, 1.7209025086674897e-16], [-2.45594931591591e-16, 5.960148628826237e-16, -1.6543475599640786e-16, 0.038435826619339565, 1.0443663573876524e-17, -3.6831896850681013e-16, 2.2487542298894975e-16, 0.03410085756118713, 1.2637780470953051e-16, 0.1310373645649386, 0.07454505470685145, -0.1310373645649384, -0.07454505470685151], [0.006599085954802982, 0.08401106709204996, -6.517995442101897e-17, 1.0443663573876524e-17, 0.03117339875147598, -0.27406693662432235, -3.6397392107351694e-17, -2.4545221392885125e-17, 0.04511567753283992, 0.14027001117372365, 0.07254548269183274, 0.1402700111737236, 0.0725454826918329], [-0.0063062085027680015, -4.432818875956486, 5.775491924469111e-16, -3.6831896850681013e-16, -0.27406693662432235, 7.273966826060657, 9.506360908341152e-16, 1.0206755128628566e-15, -0.602296777800592, -1.2289613551500596, -0.664010786002426, -1.2289613551500507, -0.6640107860024406], [3.916842573769656e-17, -6.633136374766356e-16, -8.808563016390651e-31, 2.2487542298894975e-16, -3.6397392107351694e-17, 9.506360908341152e-16, 1.4436285714242496e-30, 1.995129399532517e-16, -7.842798957238813e-17, 6.024395143633499e-16, 3.490328817230359e-16, -9.308738224738467e-16, -5.232444794461881e-16], [7.01875520946935e-17, -9.293571881515588e-16, -1.4677626438934603e-16, 0.03410085756118713, -2.4545221392885125e-17, 1.0206755128628566e-15, 1.995129399532517e-16, 0.03025480622350551, 2.478156852863219e-17, 0.11625836874740009, 0.06613752105880741, -0.11625836874740021, -0.0661375210588076], [0.011249579704319959, 0.2549861575543691, -9.172198404235809e-17, 1.2637780470953051e-16, 0.04511567753283992, -0.602296777800592, -7.842798957238813e-17, 2.478156852863219e-17, 0.07423289411986383, 0.20256929038378346, 0.10635741222731973, 0.20256929038378235, 0.10635741222732012], [0.02261570254944874, 0.39887430120706885, -8.602237103985079e-16, 0.1310373645649386, 0.14027001117372365, -1.2289613551500596, 6.024395143633499e-16, 0.11625836874740009, 0.20256929038378346, 1.0781853657401073, 0.5802759019736263, 0.1847069409266875, 0.07199035854680885], [0.02216066011045469, 0.19123790045960865, -4.696205705657544e-16, 0.07454505470685145, 0.07254548269183274, -0.664010786002426, 3.490328817230359e-16, 0.06613752105880741, 0.10635741222731973, 0.5802759019736263, 0.31381970682820504, 0.07199035854680855, 0.024664214673320754], [0.02261570254944916, 0.3988743012070616, 2.677933684539217e-16, -0.1310373645649384, 0.1402700111737236, -1.2289613551500507, -9.308738224738467e-16, -0.11625836874740021, 0.20256929038378235, 0.1847069409266875, 0.07199035854680855, 1.0781853657401061, 0.580275901973627], [0.02216066011045432, 0.1912379004596198, 1.7209025086674897e-16, -0.07454505470685151, 0.0725454826918329, -0.6640107860024406, -5.232444794461881e-16, -0.0661375210588076, 0.10635741222732012, 0.07199035854680885, 0.024664214673320754, 0.580275901973627, 0.31381970682820637]]}}}