{"__format__": "DFT-matrices-json", "__version__": 1, "arrays": {"S": {"shape": [7, 7], "dtype": "float64", "data": [[1.0000000000000002, 0.23670392057272627, 0.0, 0.0, 0.0, 0.053926804866570935, 0.053926804866570935], [0.23670392057272627, 0.9999999999999999, 0.0, 0.0, 0.0, 0.47454619260510367, 0.47454619260510367], [0.0, 0.0, 1.0000000000000004, 0.0, 0.0, 0.0, 0.0], [0.0, 0.0, 0.0, 1.0000000000000004, 0.0, 0.310988344415991, -0.310988344415991], [0.0, 0.0, 0.0, 0.0, 1.0000000000000004, 0.24079458343985266, 0.24079458343985266], [0.053926804866570935, 0.47454619260510367, 0.0, 0.310988344415991, 0.24079458343985266, 0.9999999999999999, 0.2515651409385197], [0.053926804866570935, 0.47454619260510367, 0.0, -0.310988344415991, 0.24079458343985266, 0.2515651409385197, 0.9999999999999999]]}, "T": {"shape": [7, 7], "dtype": "float64", "data": [[29.003204064678098, -0.16801096113783037, 0.0, 0.0, 0.0, -0.0025393718181596367, -0.0025393718181596367], [-0.16801096113783037, 0.8081279027736508, 0.0, 0.0, 0.0, 0.12841978066712023, 0.12841978066712023], [0.0, 0.0, 2.528731226316467, 0.0, 0.0, 0.0, 0.0], [0.0, 0.0, 0.0, 2.528731226316467, 0.0, 0.224532655869991, -0.224532655869991], [0.0, 0.0, 0.0, 0.0, 2.528731226316467, 0.17385297008603323, 0.17385297008603323], [-0.0025393718181596367, 0.12841978066712023, 0.0, 0.224532655869991, 0.17385297008603323, 0.7600318799223881, 0.008450902796722032], [-0.0025393718181596367, 0.12841978066712023, 0.0, -0.224532655869991, 0.17385297008603323, 0.008450902796722032, 0.7600318799223881]]}, "V": {"shape": [7, 7], "dtype": "float64", "data": [[-61.723678265558775, -7.444688800777191, 0.0, 0.0, 0.0, -1.745363604332372, -1.745363604332372], [-7.444688800777191, -10.14253887887353, 0.0, 0.0, 0.0, -3.8672640536200236, -3.8672640536200236], [0.0, 0.0, 0.0, 0.0, 0.0, 0.0, 0.0], [0.0, 0.0, 0.0, 0.0, 0.0, -2.889503243835704, 2.889503243835704], [0.0, 0.0, 0.0, 0.0, 0.0, -2.237308061349146, -2.237308061349146], [-1.745363604332372, -3.8672640536200236, 0.0, -2.889503243835704, -2.237308061349146, -5.835130042385832, -1.6154257533966354], [-1.745363604332372, -3.8672640536200236, 0.0, 2.889503243835704, -2.237308061349146, -1.6154257533966354, -5.835130042385832]]}, "H_core": {"shape": [7, 7], "dtype": "float64", "data": [[-32.72047420088067, -7.612699761915022, 0.0, 0.0, 0.0, -1.7479029761505316, -1.7479029761505316], [-7.612699761915022, -9.33441097609988, 0.0, 0.0, 0.0, -3.7388442729529032, -3.7388442729529032], [0.0, 0.0, 2.528731226316467, 0.0, 0.0, 0.0, 0.0], [0.0, 0.0, 0.0, 2.528731226316467, 0.0, -2.664970587965713, 2.664970587965713], [0.0, 0.0, 0.0, 0.0, 2.528731226316467, -2.0634550912631124, -2.0634550912631124], [-1.7479029761505316, -3.7388442729529032, 0.0, -2.664970587965713, -2.0634550912631124, -5.075098162463444, -1.6069748505999133], [-1.7479029761505316, -3.7388442729529032, 0.0, 2.664970587965713, -2.0634550912631124, -1.6069748505999133, -5.075098162463444]]}, "C": {"shape": [7, 7], "dtype": "float64", "data": [[0.9960307698188815, 0.26840200718141044, 9.498497413197535e-17, -0.05934606708359162, -3.619115828572874e-17, -0.05482749978802205, -1.942694066782266e-17], [0.01807946088219491, -1.11938128369935, -1.6730113733175067e-15, 0.5654985522355905, 2.3471984465872055e-16, 0.4383589623743498, 1.3249149447557642e-16], [-5.564400334860978e-17, -8.379179112538089e-20, 8.945924568158751e-16, 8.064240694039903e-18, -0.9999999999999992, 7.817664152200129e-16, -2.78919242535874e-16], [-1.2957431518636178e-18, -1.6936991254859624e-16, -0.22581202295294592, -1.2417313646043777e-15, -1.98556745449156e-16, -6.684860161155921e-16, 1.1390883762606308], [0.0013141483287393934, 0.003916177961671716, 5.749532509845339e-16, -0.20192929266310386, 7.659924206547404e-16, 1.0631318108067638, 7.177990231741053e-16], [-0.0038664525128993496, 0.10099722635662478, -0.7079187995291089, -0.7118280341955315, 2.3930876979966026e-16, -0.46964119820153627, -0.632249895176683], [-0.003866452512899444, 0.1009972263566261, 0.7079187995291144, -0.7118280341955264, -5.001608678889445e-16, -0.4696411982015371, 0.6322498951766826]]}, "eps": {"shape": [7], "dtype": "float64", "data": [-25.694574254056597, -5.156974082384074, -2.9605933157036715, -2.697379942954851, 2.528731226316461, 4.77289153753526, 6.907273517892187]}, "D_final": {"shape": [7, 7], "dtype": "float64", "data": [[2.1352777751265877, -0.6319931980449074, -3.9466104119043025e-17, 1.098659834303025e-17, 0.02868750309089911, 0.1310018937406623, 0.13100189374066248], [-0.6319931980449074, 3.1462598755654887, -4.62143493681039e-16, -2.6969024505224123e-16, -0.23710131975114085, -1.0313240620887814, -1.0313240620887831], [-3.9466104119043025e-17, -4.62143493681039e-16, 1.999999999999997, -6.9059738857656074e-18, -1.5353885593830449e-15, -1.7562825166779773e-15, 2.255852031086803e-15], [1.098659834303025e-17, -2.6969024505224123e-16, -6.9059738857656074e-18, 0.10198213942020355, 2.404911878127431e-16, 0.3197131524161798, -0.31971315241617887], [0.02868750309089911, -0.23710131975114085, -1.5353885593830449e-15, 2.404911878127431e-16, 0.08158500534215772, 0.2882587469256216, 0.28825874692562115], [0.1310018937406623, -1.0313240620887814, -1.7562825166779773e-15, 0.3197131524161798, 0.2882587469256216, 2.0361271323603503, 0.031531025453397254], [0.13100189374066248, -1.0313240620887831, 2.255852031086803e-15, -0.31971315241617887, 0.28825874692562115, 0.031531025453397254, 2.0361271323603525]]}}}